Вопрос 1.
[1, 0, 0, 0, 0, 0, 0]
Вопрос 2.
[1, 0, 0, 0, 0, 0, 0]
Вопрос 3.
[1, 0, 0, 0, 0, 0, 0]
Вопрос 4.
[0, 1, 0, 0, 0, 0, 0]
Вопрос 5.
[1, 0, 0, 0, 0, 0, 0]
Вопрос 6.
[1, 0, 0, 0, 0, 0, 0]
Вопрос 7.
[1, 0, 0, 0, 0, 0, 0]
Вопрос 8.
[1, 0, 0, 0, 0, 0, 0]
Вопрос 9.
[1, 0, 0, 0, 0, 0, 0]
Вопрос 10.
[1, 0, 0, 0, 0, 0, 0]
Вопрос 11.
[1, 0, 0, 0, 0, 0, 0]
Вопрос 12.
[1, 0, 0, 0, 0, 0, 0]
Вопрос 13.
[1, 0, 0, 0, 0, 0, 0]
Вопрос 14.
[1, 0, 0, 0, 0, 0, 0]
Вопрос 15.
[1, 0, 0, 0, 0, 0, 0]
Вопрос 16.
[0, 1, 0, 0, 0, 0, 0]
Вопрос 17.
[0, 1, 0, 0, 0, 0, 0]
Вопрос 18.
[1, 0, 0, 0, 0, 0, 0]
Вопрос 19.
[1, 0, 0, 0, 0, 0, 0]
Вопрос 20.
[0, 1, 0, 0, 0, 0, 0]
Вопрос 21.
[1, 0, 0, 0, 0, 0, 0]
Вопрос 22.
[0, 1, 0, 0, 0, 0, 0]
Вопрос 23.
[0, 1, 0, 0, 0, 0, 0]
Вопрос 24.
[0, 1, 0, 0, 0, 0, 0]
Вопрос 25.
[1, 0, 0, 0, 0, 0, 0]
Вопрос 26.
[1, 0, 0, 0, 0, 0, 0]
Вопрос 27.
[1, 0, 0, 0, 0, 0, 0]
Вопрос 28.
[1, 0, 0, 0, 0, 0, 0]
Вопрос 29.
[1, 0, 0, 0, 0, 0, 0]
Вопрос 30.
[1, 0, 0, 0, 0, 0, 0]
Вопрос 31.
[0, 1, 0, 0, 0, 0, 0]
Вопрос 32.
[0, 1, 0, 0, 0, 0, 0]
Вопрос 33.
[1, 0, 0, 0, 0, 0, 0]
Вопрос 34.
[0, 1, 0, 0, 0, 0, 0]
Вопрос 35.
[0, 1, 0, 0, 0, 0, 0]
Вопрос 37.
[1, 0, 0, 0, 0, 0, 0]
Вопрос 38.
[1, 0, 0, 0, 0, 0, 0]
Вопрос 39.
[0, 1, 0, 0, 0, 0, 0]
Вопрос 40.
[1, 0, 0, 0, 0, 0, 0]
Вопрос 41.
[0, 1, 0, 0, 0, 0, 0]
Вопрос 42.
[1, 0, 0, 0, 0, 0, 0]
Вопрос 43.
[1, 0, 0, 0, 0, 0, 0]
Вопрос 44.
[0, 1, 0, 0, 0, 0, 0]
Вопрос 45.
[0, 1, 0, 0, 0, 0, 0]
Вопрос 46.
[0, 1, 0, 0, 0, 0, 0]
Вопрос 47.
[1, 0, 0, 0, 0, 0, 0]
Вопрос 48.
[0, 1, 0, 0, 0, 0, 0]
Вопрос 49.
[0, 1, 0, 0, 0, 0, 0]
Вопрос 50.
[1, 0, 0, 0, 0, 0, 0]
Вопрос 51.
[0, 1, 0, 0, 0, 0, 0]
Вопрос 52.
[1, 0, 0, 0, 0, 0, 0]
Вопрос 53.
[1, 0, 0, 0, 0, 0, 0]
Вопрос 54.
[1, 0, 0, 0, 0, 0, 0]
Вопрос 55.
[1, 0, 0, 0, 0, 0, 0]
Вопрос 56.
[1, 0, 0, 0, 0, 0, 0]
Вопрос 57.
[1, 0, 0, 0, 0, 0, 0]
Вопрос 58.
[0, 1, 0, 0, 0, 0, 0]
Вопрос 59.
[1, 0, 0, 0, 0, 0, 0]
Вопрос 60.
[1, 0, 0, 0, 0, 0, 0]
Вопрос 61.
[1, 0, 0, 0, 0, 0, 0]
Вопрос 62.
[1, 0, 0, 0, 0, 0, 0]
Вопрос 63.
[1, 0, 0, 0, 0, 0, 0]
Вопрос 64.
[1, 0, 0, 0, 0, 0, 0]
Вопрос 65.
[1, 0, 0, 0, 0, 0, 0]
Вопрос 66.
[1, 0, 0, 0, 0, 0, 0]
Вопрос 67.
[1, 0, 0, 0, 0, 0, 0]
Вопрос 68.
[1, 0, 0, 0, 0, 0, 0]
Вопрос 69.
[1, 0, 0, 0, 0, 0, 0]
Вопрос 70.
[0, 1, 0, 0, 0, 0, 0]
Вопрос 71.
[0, 1, 0, 0, 0, 0, 0]
Вопрос 72.
[0, 1, 0, 0, 0, 0, 0]
Вопрос 73.
[1, 0, 0, 0, 0, 0, 0]
Вопрос 74.
[0, 1, 0, 0, 0, 0, 0]
Вопрос 75.
[1, 0, 0, 0, 0, 0, 0]
Вопрос 76.
[1, 0, 0, 0, 0, 0, 0]
Вопрос 77.
[0, 1, 0, 0, 0, 0, 0]
Вопрос 78.
[1, 0, 0, 0, 0, 0, 0]
Вопрос 79.
[1, 0, 0, 0, 0, 0, 0]
Вопрос 80.
[0, 1, 0, 0, 0, 0, 0]
Вопрос 81.
[1, 0, 0, 0, 0, 0, 0]
Вопрос 82.
[1, 0, 0, 0, 0, 0, 0]
Вопрос 83.
[1, 0, 0, 0, 0, 0, 0]
Вопрос 84.
[1, 0, 0, 0, 0, 0, 0]
Вопрос 85.
[1, 0, 0, 0, 0, 0, 0]
Вопрос 86.
[1, 0, 0, 0, 0, 0, 0]
Вопрос 87.
[0, 1, 0, 0, 0, 0, 0]
Вопрос 88.
[1, 0, 0, 0, 0, 0, 0]
Вопрос 89.
[1, 0, 0, 0, 0, 0, 0]
Вопрос 90.
[1, 0, 0, 0, 0, 0, 0]
Вопрос 91.
[1, 0, 0, 0, 0, 0, 0]
Вопрос 92.
[1, 0, 0, 0, 0, 0, 0]
Вопрос 93.
[0, 1, 0, 0, 0, 0, 0]
Вопрос 94.
[1, 0, 0, 0, 0, 0, 0]
Вопрос 95.
[1, 0, 0, 0, 0, 0, 0]
Вопрос 96.
[1, 0, 0, 0, 0, 0, 0]
Вопрос 97.
[0, 1, 0, 0, 0, 0, 0]
Вопрос 98.
[0, 1, 0, 0, 0, 0, 0]
Вопрос 99.
[1, 0, 0, 0, 0, 0, 0]
Вопрос 100.
[1, 0, 0, 0, 0, 0, 0]
Вопрос 101.
[1, 0, 0, 0, 0, 0, 0]
Вопрос 103.
[1, 0, 0, 0, 0, 0, 0]
Вопрос 104.
[1, 0, 0, 0, 0, 0, 0]
Вопрос 105.
[1, 0, 0, 0, 0, 0, 0]
Вопрос 106.
[1, 0, 0, 0, 0, 0, 0]
Вопрос 107.
[1, 0, 0, 0, 0, 0, 0]
Вопрос 108.
[1, 0, 0, 0, 0, 0, 0]
Вопрос 109.
[1, 0, 0, 0, 0, 0, 0]
Вопрос 110.
[1, 0, 0, 0, 0, 0, 0]
Вопрос 111.
[1, 0, 0, 0, 0, 0, 0]
Вопрос 112.
[1, 0, 0, 0, 0, 0, 0]
Вопрос 113.
[1, 0, 0, 0, 0, 0, 0]
Вопрос 114.
[1, 0, 0, 0, 0, 0, 0]
Вопрос 115.
[1, 0, 0, 0, 0, 0, 0]
Вопрос 117.
[1, 0, 0, 0, 0, 0, 0]
Вопрос 118.
[1, 0, 0, 0, 0, 0, 0]
Вопрос 119.
[1, 0, 0, 0, 0, 0, 0]
Вопрос 120.
[1, 0, 0, 0, 0, 0, 0]
Вопрос 121.
[1, 0, 0, 0, 0, 0, 0]
Вопрос 123.
[1, 0, 0, 0, 0, 0, 0]
Вопрос 124.
[1, 0, 0, 0, 0, 0, 0]
Вопрос 125.
[1, 0, 0, 0, 0, 0, 0]
Вопрос 126.
[1, 0, 0, 0, 0, 0, 0]
Вопрос 128.
[1, 0, 0, 0, 0, 0, 0]
Вопрос 129.
[1, 0, 0, 0, 0, 0, 0]
Вопрос 130.
[0, 1, 0, 0, 0, 0, 0]
Вопрос 131.
[0, 1, 0, 0, 0, 0, 0]
Вопрос 132.
[1, 0, 0, 0, 0, 0, 0]
Вопрос 133.
[0, 1, 0, 0, 0, 0, 0]
Вопрос 134.
[1, 0, 0, 0, 0, 0, 0]
Вопрос 135.
[1, 0, 0, 0, 0, 0, 0]
Вопрос 136.
[0, 1, 0, 0, 0, 0, 0]
Вопрос 137.
[0, 1, 0, 0, 0, 0, 0]
Вопрос 138.
[0, 1, 0, 0, 0, 0, 0]
Вопрос 139.
[0, 1, 0, 0, 0, 0, 0]
Вопрос 140.
[0, 1, 0, 0, 0, 0, 0]
Вопрос 141.
[0, 1, 0, 0, 0, 0, 0]
Вопрос 142.
[0, 1, 0, 0, 0, 0, 0]
Вопрос 143.
[0, 1, 0, 0, 0, 0, 0]
Вопрос 144.
[0, 1, 0, 0, 0, 0, 0]
Вопрос 146.
[0, 1, 0, 0, 0, 0, 0]
Вопрос 147.
[0, 1, 0, 0, 0, 0, 0]
Вопрос 148.
[0, 1, 0, 0, 0, 0, 0]
Вопрос 149.
[0, 1, 0, 0, 0, 0, 0]
Вопрос 150.
[1, 0, 0, 0, 0, 0, 0]
Вопрос 151.
[1, 0, 0, 0, 0, 0, 0]
Вопрос 152.
[1, 0, 0, 0, 0, 0, 0]
Вопрос 153.
[0, 1, 0, 0, 0, 0, 0]
Вопрос 154.
[1, 0, 0, 0, 0, 0, 0]
Вопрос 155.
[0, 1, 0, 0, 0, 0, 0]
Вопрос 156.
[1, 0, 0, 0, 0, 0, 0]
Вопрос 157.
[0, 1, 0, 0, 0, 0, 0]
Вопрос 158.
[0, 1, 0, 0, 0, 0, 0]
Вопрос 159.
[0, 1, 0, 0, 0, 0, 0]
Вопрос 160.
[1, 0, 0, 0, 0, 0, 0]
Вопрос 161.
[1, 0, 0, 0, 0, 0, 0]
Вопрос 162.
[1, 0, 0, 0, 0, 0, 0]
Вопрос 163.
[1, 0, 0, 0, 0, 0, 0]
Вопрос 164.
[1, 0, 0, 0, 0, 0, 0]
Вопрос 165.
[0, 1, 0, 0, 0, 0, 0]
Вопрос 166.
[0, 1, 0, 0, 0, 0, 0]
Вопрос 167.
[1, 0, 0, 0, 0, 0, 0]
Вопрос 168.
[0, 1, 0, 0, 0, 0, 0]
Вопрос 169.
[0, 1, 0, 0, 0, 0, 0]
Вопрос 170.
[1, 0, 0, 0, 0, 0, 0]
Вопрос 171.
[1, 0, 0, 0, 0, 0, 0]
Вопрос 172.
[1, 0, 0, 0, 0, 0, 0]
Вопрос 173.
[0, 1, 0, 0, 0, 0, 0]
Вопрос 174.
[0, 1, 0, 0, 0, 0, 0]
Вопрос 175.
[0, 1, 0, 0, 0, 0, 0]
Вопрос 176.
[0, 1, 0, 0, 0, 0, 0]
Вопрос 177.
[0, 1, 0, 0, 0, 0, 0]
Вопрос 178.
[1, 0, 0, 0, 0, 0, 0]
Вопрос 179.
[1, 0, 0, 0, 0, 0, 0]
Вопрос 180.
[0, 1, 0, 0, 0, 0, 0]
Вопрос 181.
[1, 0, 0, 0, 0, 0, 0]
Вопрос 182.
[1, 0, 0, 0, 0, 0, 0]
Вопрос 183.
[1, 0, 0, 0, 0, 0, 0]
Вопрос 184.
[0, 1, 0, 0, 0, 0, 0]
Вопрос 185.
[0, 1, 0, 0, 0, 0, 0]
Вопрос 186.
[1, 0, 0, 0, 0, 0, 0]
Вопрос 187.
[1, 0, 0, 0, 0, 0, 0]
Вопрос 188.
[0, 1, 0, 0, 0, 0, 0]
Вопрос 189.
[0, 1, 0, 0, 0, 0, 0]
Вопрос 190.
[0, 1, 0, 0, 0, 0, 0]
Вопрос 191.
[1, 0, 0, 0, 0, 0, 0]
Вопрос 192.
[0, 1, 0, 0, 0, 0, 0]
Вопрос 193.
[1, 0, 0, 0, 0, 0, 0]
Вопрос 194.
[1, 0, 0, 0, 0, 0, 0]
Вопрос 195.
[1, 0, 0, 0, 0, 0, 0]
Вопрос 196.
[1, 0, 0, 0, 0, 0, 0]
Вопрос 197.
[1, 0, 0, 0, 0, 0, 0]
Вопрос 198.
[0, 1, 0, 0, 0, 0, 0]
Вопрос 199.
[1, 0, 0, 0, 0, 0, 0]
Вопрос 200.
[1, 0, 0, 0, 0, 0, 0]
